NAME: Explicit-10
TYPE: CVRP
DIMENSION: 11
CAPACITY: 30
EDGE_WEIGHT_TYPE: EXPLICIT
EDGE_WEIGHT_FORMAT: FULL_MATRIX
NODE_COORD_TYPE: TWOD_COORDS
NODE_COORD_SECTION
1 30.00000 40.00000
2 49.00000 49.00000
3 52.00000 64.00000
4 20.00000 26.00000
5 40.00000 30.00000
6 21.00000 47.00000
7 17.00000 63.00000
8 31.00000 62.00000
9 52.00000 33.00000
10 51.00000 21.00000
11 75.00000 32.00000
EDGE_WEIGHT_SECTION
0       13.8924 21.0238 32.5576 17.2047 14.1421 11.4018 26.4197 22.0227 23.0868 28.3196
15.8924 0.      12.3693 19.2094 31.0644 22.2036 16.7631 22.8254 11.6619 25.2074 34.0147
25.0238 12.3693 0.      15.2971 37.0135 21.0238 28.0713 34.9285 22.2036 15.2788 28.0713
35.5576 19.2094 15.2971 0.      49.679  36.0555 35.3553 35.0143 21.095  35.     43.0116
15.2047 31.0644 37.0135 49.679  0.      20.3961 21.0238 37.1214 37.6431 35.7567 31.4006
15.1421 22.2036 21.0238 36.0555 20.3961 0.      25.4951 40.2244 33.2415 15.3693 14.2127
15.4018 16.7631 28.0713 35.3553 21.0238 25.4951 0.      16.4924 18.0278 35.0147 39.6989
25.4197 22.8254 34.9285 35.0143 37.1214 40.2244 16.4924 0.      14.0357 45.0977 54.037
25.0227 11.6619 22.2036 21.095  37.6431 33.2415 18.0278 14.0357 0.      35.805  45.618
25.0868 24.2074 16.2788 31.     32.7567 12.3693 34.0147 46.0977 35.805  0.      12.0416
28.3196 34.0147 28.0713 43.0116 31.4006 14.2127 39.6989 54.037  45.618  12.0416 0. 
DEMAND_SECTION
1 0
2 30
3 16
4 9
5 21
6 15
7 19
8 23
9 11
10 5
11 2
DEPOT_SECTION
1
-1
EOF